0.000000 4.002956 298.150000 22354.881647 29427.668994 1128.578602 1626.581991 1089.733507 1839.374570 2026.709268 -9016.222186 11154.119564 -6048.269014 14270.562339
300.000000 3.939582 299.175464 20157.955148 31402.662007 5744.073396 7403.382556 5914.142263 1593.358282 2156.973561 -9116.505323 23784.710215 -1779.073645 31855.826038
600.000000 3.890367 299.720710 17960.865136 33378.228835 6116.735730 7309.656632 5872.380082 1520.054909 2199.102281 -9159.726048 30918.354672 -1522.935409 38989.837034
900.000000 3.847368 300.021506 15763.693165 35354.083151 6088.715180 7254.387263 5816.811995 1496.056334 2259.077325 -10025.029692 36293.623161 -2440.258178 44369.512482
1200.000000 3.809961 300.152493 13566.464848 37330.135084 6025.370093 7227.345045 5781.426400 1510.309081 2343.297403 -13538.899315 41047.844204 -6003.220141 49172.568007
1500.000000 3.776998 300.243649 11369.223336 39306.233313 6285.904628 7205.931847 5757.865848 1567.096806 2459.499955 -15678.457719 45624.104542 -7825.456285 53841.470345
1800.000000 3.746043 300.430799 9172.013352 41282.220978 7379.408322 7171.167339 5743.213272 1686.490278 2621.503746 -15822.406799 50202.776213 -6756.508200 58567.493232
2100.000000 3.712492 300.714716 6974.834914 43258.098004 8544.114264 7139.933257 5771.074747 1871.497664 2851.692560 -14512.016571 54776.865461 -4096.404644 63399.632768
2400.000000 3.660454 301.160681 4777.708923 45233.791138 7363.008538 7073.347840 5855.152881 2065.539637 3191.057737 -6426.876414 59161.358580 3001.671761 68207.569198
2700.000000 3.540754 301.710644 2580.615694 47209.369392 6512.730521 6962.362031 5964.030375 2669.570889 3763.644475 4743.478328 62822.818011 13925.779738 72550.492860
