0.000000 4.008381 298.150000 22404.961910 29252.006444 439.606455 182.093610 350.088749 728.528451 741.092296 -3644.779469 3445.775087 -2476.644563 4536.956132 0.093801 4.121692 -0.000100 -0.000094
300.000000 3.941332 298.977573 20243.486943 31341.895893 1612.733109 590.688529 1501.132537 633.082479 777.194972 -3683.798473 8650.871819 -1437.982886 10929.199328 0.103498 4.072107 -0.000100 -0.000233
600.000000 3.892896 299.466898 18113.349059 33266.392854 1745.441333 592.601819 1516.725397 605.322696 795.352070 -3700.597199 11242.887528 -1349.833170 13554.964996 0.111927 4.032368 -0.000100 -0.000303
900.000000 3.850508 299.756754 15981.440380 35190.845771 1756.262884 593.360999 1516.815331 595.999216 818.126100 -3991.422254 13189.572553 -1639.160154 15524.513984 0.119144 3.997329 -0.000107 -0.000355
1200.000000 3.813538 299.894564 13850.324562 37115.132156 1743.189111 593.528665 1514.303050 600.757441 848.038792 -5327.266540 14902.865187 -2983.319989 17265.207030 0.125074 3.966530 -0.000142 -0.000401
1500.000000 3.780979 299.977073 11713.739940 39039.261779 1805.023851 593.350557 1511.850468 621.239851 888.323466 -6257.754180 16543.348743 -3831.490477 18943.522678 0.130080 3.939567 -0.000168 -0.000445
1800.000000 3.750646 300.134731 9554.778605 40963.412741 2095.829714 593.388178 1514.028167 664.212739 944.329824 -6413.300046 18180.157608 -3653.257593 20638.515599 0.135394 3.915791 -0.000170 -0.000488
2100.000000 3.718820 300.384577 7383.743641 42888.126406 2500.044202 594.908111 1529.416323 734.849736 1022.847680 -6111.590392 19819.931269 -2876.696454 22372.195272 0.143956 3.894141 -0.000158 -0.000532
2400.000000 3.673952 300.774214 5235.766171 44814.487551 2303.538752 597.083559 1566.683337 803.430286 1138.442011 -3184.758023 21412.299408 -77.788985 24117.424755 0.165753 3.872514 -0.000084 -0.000573
2700.000000 3.578381 301.278063 3091.250424 46743.465151 1996.511658 596.490043 1621.177461 989.983529 1323.881882 45.516009 22804.892735 3032.011196 25749.952078 0.232106 3.846013 0.000001 -0.000609
3000.000000 3.331251 302.305164 948.241974 48673.834455 1975.343724 597.594657 1654.729666 1713.701130 1679.025620 7460.314750 23727.368396 11149.359605 27061.123681 0.422616 3.798078 0.000198 -0.000631
